62,35
61,260
61,259
61,258
61,257
61,256
61,255
61,254
61,253
61,252
61,251
61,250
61,249
61,248
19,2
19,1
19,3
61,247
61,246
61,245
61,244
61,243
61,242
61,241
61,240
61,239
61,238
61,237
61,236
61,235
61,234
61,233
61,232
61,231
61,230
61,229
61,228
61,227
61,226
61,225
61,224
61,223
61,222
61,221
61,220
61,219
61,218
61,217
61,216
61,215
61,214
61,213
61,212
61,211
61,210
61,209
61,208
61,207
61,206
61,205
61,204
61,203
61,202
61,201
61,200
61,199
61,198
61,197
61,196
61,195
61,194
61,193
61,192
61,191
61,190
61,189
61,188
61,187
61,186
61,185
61,184
61,183
61,182
61,181
61,180
61,179
61,178
61,177
61,176
61,175
61,174
61,173
61,172
61,171
61,170
61,169
61,168
61,167
61,166
61,165
61,164
61,163
61,162
61,161
61,160
61,159
61,158
61,157
61,156
61,155
61,154
61,153
61,152
61,151
61,150
61,149
61,148
61,147
61,146
61,145
61,144
61,143
61,142
61,141
61,140
61,139
61,138
61,137
61,136
61,135
61,134
61,133
61,132
61,131
61,130
61,129
61,128
18,1
18,3
61,127
61,126
61,125
61,124
61,123
61,122
61,121
61,120
61,119
61,118
61,117
61,116
61,115
61,114
61,113
61,112
61,111
61,110
61,109
61,108
61,107
61,106
61,105
14,1
61,104
61,103
